26.28
27.42
42.28
58.28
20.57
28.57
49.14
24
16
42.28
30.85
36.57
20.57
24
32
18.28
21.71
11.42
11.42
12.57
57.14
60.57
21.71
29.71
43.42
40
18.28
21.71
25.14
20.57
22.85
28.57
30.85
16.66
15.24
15.58
31.17
48.97
9
19.03
12.39
19.08
15.78
30.25
14.73
29.2
17.01
37.04
50.4
32.65
16.01
19.37
20.51
50.54
12.79
18.37
21.74
36.21
17.35
27.38
12.96
34.11
18.58
36.38
25.3
20.88
34.25
36.5
19.86
22.11
54.36
45.5
46.64
56.67
34.47
10.06
5.63
21.23
20.14
19.06
20.19
6.89
8.04
23.61
30.31
17
3.7
12.62
18.2
6.01
8.26
18.29
14.97
8.34
18.37
22.85
21.77
11.78
5.15
31.84
19.66
14.13
18.6
10.85
16.43
20.91
6.48
4.3
19.45
15.15
19.5
27.1
24.96
25
15.29
16.4
18.58
15.37
15.4
24.07
7.89
17.63
16.59
28.5
24.21
14.5
13.45
18.89
5.93
25.43
12.47
15.75
15.78
22.29
13.68
16.94
19.13
20.23
13.78
15.97
20.32
21.43
12.81
19.33
13.94
11.81
21.56
22.67
17.3
15.16
20.59
20.61
17.41
22.84
17.46
26.14
20.75
3.48
16.48
16.51
16.54
16.57
17.68
17.7
39.35
14.51
8.06
13.49
15.68
17.86
13.57
14.68
16.86
9.33
13.68
16.95
8.33
19.17
6.22
7.32
6.27
14.95
10.66
12.62
13.59
22.94
22.83
19.57
11.01
16.21
11.88
12.87
16.94
25.25
16.73
8.18
14.4
7.96
24.73
16.18
21.37
8.62
8.49
23.14
25.14
7.17
8.09
17.45
16.3
23.55
12.93
8.63
6.43
23.14
9.37
12.41
15.47
16.41
11.05
14.12
11.88
10.73
48.5
9.46
9.35
12.4
20.74
14.29
15.27
20.4
20.29
22.29
12.73
9.47
12.21
12.27
24.56
62.4
14.68
18.07
22.57
14.84
13.78
20.52
46.13
15.08
27.35
12.97
8.58
8.63
18.69
9.85
22.14
11.09
8.93
8.97
6.81
12.42
16.92
12.54
13.71
26
13.82
11.66
29.5
12.88
25.16
20.77
14.18
20.89
12.06
21.01
11.05
11.12
26.72
21.23
31.27
21.34
16.94
29.23
22.62
29.35
43.86
47.22
26.18
68.46
29.64
75.25
38.63
15.37
15.41
31.04
17.74
30.03
13.41
15.7
27.99
15.8
48.09
31.46
12.65
12.7
24.99
28.39
22.87
14.03
32.98
26.38
31.99
16.08
16.2
28.87
22.14
33.72
15.53
38.5
45.43
42.14
7.99
8.1
7.1
14.02
45
29.11
42.95
27.06
29.46
21.6
29.68
19.52
21.9
33.47
26.72
25.7
12.12
32.77
20.32
30.7
42.26
50.39
39.08
67.76
64.44
29.16
64.64
20.23
38.61
30.75
32.01
35.53
29.95
34.61
61.02
44
74.95
78.48
164
75.28
33.12
16.11
31.06
19.78
35.9
31.43
29.25
29.35
14.64
54.73
86.84
27.55
32.24
33.5
34.73
29.14
23.53
22.53
30.64
33.04
91.4
59.53
41.39
35.78
16.49
51.76
24.7
42.35
31.76
40
88.23
74.11
60
61.17
52.94
44.7
48.23
76.47
63.52
76.47
54.11
38.82
52.94
43.52
57.64
23.52
36.47
43.52
22.35
45.88
38.82
56.47
62.35
75.29
37.64
48.23
38.82
48.23
65.88
97.64
55.29
22.35
52.94
16.47
17.64
38.82
54.11
71.76
48.23
34.11
29.41
45.88
41.17
72.94
121.17
51.76
84.44
104.47
53.39
51.19
62.34
43.48
105.74
76.87
21.34
34.7
48.06
86.99
64.79
34.82
27.06
42.65
36.01
16.04
61.63
39.44
47.24
89.49
39.52
76.22
54.02
72.94
78.53
23
17.47
24.16
43.08
34.22
78.7
34.28
17.64
13.22
26.58
42.17
52.2
62.23
34.47
24.51
34.52
16.78
53.47
33.5
87.98
32.45
78.04
19.17
32.53
22.56
43.71
28.17
18.2
23.79
41.59
37.18
30.54
37.24
36.15
35.07
30.66
19.57
19.6
41.85
17.44
13.02
21.94
25.3
15.32
13.13
17.6
27.64
14.63
18.56
19.6
20.62
29.45
54.87
27.6
15.94
20.85
15.06
28.76
15.16
17.17
25.98
12.38
13.39
24.18
30.08
19.41
14.58
21.45
19.55
27.39
9.9
15.79
12.92
18.82
18.87
19.9
12.13
12.19
19.07
15.22
14.29
32.87
22.2
31.99
30.1
16.48
25.31
15.61
13.71
34.24
14.77
28.49
8.05
12.98
9.13
11.13
19.95
14.14
14.19
20.09
28.93
28.97
37.81
65.17
78.87
59.41
144
78.06
80.05
79.12
124
32.39
50.01
54.93
36.45
25.76
15.09
14.15
22.98
17.18
28.94
31.92
22.11
8.35
8.26
10.3
10.2
18.54
20.59
19.44
16.21
7.7
21.3
8.59
12.7
24.22
11.5
15.64
15.56
11.28
10.14
19.52
8.93
28.85
6.68
11.84
17.04
10.65
10.55
7.34
10.41
14.56
17.62
9.13
7.99
7.9
14.16
8.81
7.69
21.28
12.79
12.7
7.36
7.28
7.19
8.19
26
18.55
14.25
7.86
24.63
17.18
12.89
